-72.598 -57.770 33.062 95.015 -83.599 -5.105 51.756 -93.531 0.106 48.195 9.098 -58.688 50.567 10.239 10.968 -32.884 65.454 -54.852 -73.287 33.380
69.361 -89.346 57.920 21.513 91.325 77.597 5.645 -49.705 -38.005 26.880
84.103 -75.861 26.576 93.340 -78.552 45.261 -61.534 84.570 66.426 -100.776 72.670 -84.491 -66.116 -73.115
31.666 -98.133 99.554 -22.929 20.914 -87.933 44.809 -6.579 40.123 71.405 -11.092 -68.457 10.282 16.872 -77.697 26.035
-69.833 -3.228 -30.061 99.810 59.733 81.728 56.599 -60.219 28.092 -67.214 48.633 -77.642
-91.252 30.048 -80.300 -9.897 -75.321 -82.813 -55.982 89.952 75.675 88.456 67.633 44.040
36.291 -46.985 -97.488 -21.740 -38.779 -65.852 -61.615 80.062 -97.623 28.611 -29.231 -94.221 20.413 61.986 -56.752 69.114 52.828 26.934
15.278 66.006 58.909 -49.881 1.276 74.750 -58.946 2.576 -65.262 22.506 -76.376 -86.709 -35.761 -6.254
-35.849 69.391 29.321 7.518 30.800 -63.956 56.230 -86.558 -7.904 45.332 -75.471 14.258 -2.196 -60.498 -33.176 -16.172 -47.632 22.508
-38.688 -0.150 32.489 51.779 27.054 44.884 62.790 41.157 87.111 80.218 2.774 96.392 -30.295 72.703 -81.796 45.026 -90.811 52.651 14.020 60.604
-54.100 52.746 -30.178 -17.899 -83.218 0.040 83.996 32.010 37.589 -23.511 -18.243 89.886 57.408 -41.832 12.387 -97.219 57.924 -13.202 -35.813
79.832 -49.807 3.547 -50.224 -33.988 79.647 -23.637 -41.366 75.624 -5.114 9.955 -65.009 87.364 82.064 76.209 -49.939 -35.999
-2.981 -43.810 -78.118 85.143 -24.846 87.278 21.536 71.448 90.862 -21.316 -17.024 -52.862 45.854
-91.482 3.691 -54.944 11.333 -54.923 55.109 -44.435 71.701 1.078 30.828 -55.802 4.532 -7.931 100.718 -60.723 -43.245 -5.213 -50.757 -65.871 -74.485
-23.079 30.062 57.136 40.003 -24.122 3.454 26.053 -63.704 -2.339 71.068 -19.241 -17.494 33.120 0.402 -46.219 -35.572 95.637
-61.062 -49.008 5.496 44.537 6.295 -95.618 15.093 -26.355 -81.076 59.976 -74.552 11.762 29.556 -61.974 36.007 31.605
48.818 54.126 77.963 -0.558 -80.963 -43.600 6.492 98.397 88.303 -25.966 -64.216 32.155 -96.164 92.793 85.718 -29.292 98.744 75.268
-39.791 -91.031 83.836 -95.915 39.783 -98.653 21.589 -85.349 -7.029 84.590 -77.017 33.896 -44.465 50.507 -4.135 -25.666
58.094 42.916 -13.851 28.506 -55.467 49.531 62.414 89.138 15.283 -79.957 -97.885 -31.040
66.100 -29.538 -68.047 55.660 20.708 86.775 50.241 5.651 -56.467 -94.505 -50.183 55.100