54 86 78 7 45 23 71 37 23 50 1 16 68 47 : 2-5, 3-13, 5-11
38 14 97 57 88 62 10 85 33 14 : 8-9, 7-3, 9-8
83 88 12 38 65 70 91 30 73 40 33 : 4-8, 8-2, 1-2, 0-3, 8-4
87 13 12 87 58 91 18 73 61 46 19 65 4 : 7-10, 1-1, 3-6, 1-9, 5-12, 7-7
5 11 4 16 26 47 99 54 31 81 52 : 7-2, 5-6
36 19 56 43 42 87 82 58 70 24 3 92 49 60 27 5 57 : 5-15, 3-15, 10-6, 13-11, 3-14, 7-16, 12-13
68 18 48 67 98 76 57 54 26 67 86 25 16 72 92 56 89 55 69 : 2-13, 13-14, 16-13, 11-3, 17-9, 15-10
2 95 9 68 69 100 63 39 82 1 : 4-7, 8-6
87 65 8 70 22 66 5 21 11 39 42 19 6 61 91 96 6 : 8-13, 6-7, 10-8, 10-13, 2-16
44 49 34 38 39 1 50 14 89 94 33 57 1 : 3-1, 7-6, 4-4
40 100 73 60 67 54 94 3 38 8 35 22 62 51 46 : 1-1, 4-12, 2-1, 10-0, 9-7
50 82 77 43 15 28 62 36 66 45 59 33 71 78 60 73 39 60 11 : 14-17, 2-1, 16-1, 6-1, 16-5
21 90 35 88 95 47 26 88 37 26 : 0-3, 7-3
51 67 53 40 74 55 89 82 15 43 64 45 : 5-2, 1-10, 6-0, 3-1, 2-11, 1-4, 5-7
98 13 95 86 28 5 99 14 69 66 72 : 6-1, 0-9, 7-5, 2-1, 0-7
31 86 75 10 28 60 5 11 38 65 39 20 27 29 36 12 : 9-11, 1-10, 1-0
91 93 99 71 56 92 62 47 72 5 28 11 98 33 33 6 85 44 50 6 : 12-15, 10-0, 5-4, 10-3, 7-9
4 33 92 70 62 73 55 43 85 41 86 86 19 75 7 60 44 2 5 : 9-18
28 80 12 82 32 57 7 60 6 13 56 31 27 58 88 13 : 2-13, 5-12, 8-7, 12-4, 5-5, 0-4, 8-2
11 98 15 43 17 87 27 18 63 57 85 49 31 2 45 94 80 : 9-9, 2-16, 16-9, 7-9, 3-16, 13-12, 6-2, 3-16
39 20 90 100 1 27 43 10 92 94 99 72 47 75 9 58 72 57 20 81 : 6-16, 19-2, 13-12, 15-4, 2-2, 5-11, 14-10, 16-18
62 17 42 44 2 7 75 70 6 85 98 38 13 : 2-1, 9-2, 7-4, 8-4
39 28 68 63 91 47 46 99 79 15 : 0-2, 8-9
50 39 80 27 78 60 66 48 99 81 67 71 65 87 : 9-1, 8-7
5 59 72 84 81 55 61 36 13 98 85 : 7-1, 0-4, 6-9, 9-1
42 41 93 28 86 94 26 65 48 13 12 29 70 51 98 12 : 11-9, 4-9
8 34 1 65 32 48 10 7 13 74 77 14 69 61 58 : 9-12, 4-9, 5-0, 6-1, 13-6, 8-4, 10-11
11 91 36 75 22 87 2 70 40 99 17 : 2-9
3 55 67 4 71 81 5 61 5 5 66 28 54 87 29 16 : 15-6, 6-12, 2-2
5 32 63 83 35 86 70 85 7 95 9 91 : 2-10, 1-2, 7-11
63 67 74 54 75 61 1 47 50 86 72 12 4 : 3-9, 2-4
10 88 85 18 57 10 29 92 95 87 77 74 33 100 37 82 45 : 3-4, 10-12, 6-14, 0-4
76 53 9 71 5 72 83 1 88 19 99 : 3-10
34 79 63 95 37 25 70 66 26 22 30 46 : 4-3, 11-3, 0-5, 2-2, 6-4
61 90 45 60 71 40 32 36 1 18 7 51 12 6 28 69 93 83 56 : 6-9, 17-10, 17-7, 0-6, 1-2, 18-4, 15-0, 18-8, 5-0
41 97 61 27 25 36 22 30 99 13 32 84 21 22 91 20 : 9-11, 12-3, 13-8, 11-9, 6-5, 9-15, 7-0, 3-14, 8-3
4 82 89 97 30 6 32 42 29 79 : 6-0, 2-5
46 1 57 25 98 6 35 81 35 61 43 72 57 76 27 61 72 : 3-15, 11-7, 9-0, 6-1
93 23 74 42 72 1 27 44 4 45 90 32 43 57 54 : 6-0, 0-13, 0-2, 10-14, 9-7
63 96 2 68 50 77 43 87 20 73 75 19 : 3-2, 2-5, 6-3, 7-3, 10-7, 3-8
90 58 74 61 26 88 23 70 75 27 15 63 55 97 83 60 58 79 28 : 11-9, 17-13, 12-3, 17-17, 18-3
1 24 59 29 45 36 83 5 53 24 3 6 83 66 68 33 80 : 4-2, 12-12, 6-1, 2-5, 13-6, 8-4, 16-1, 14-14
96 93 46 28 85 33 48 42 38 28 31 11 : 9-0, 10-1, 4-10, 3-6, 6-0, 3-2, 2-0
84 98 41 93 42 85 24 45 13 13 4 19 75 63 44 13 20 58 37 : 8-4, 9-4, 0-7, 4-5, 5-4, 10-13, 1-9, 15-13
24 67 82 50 36 10 65 69 34 14 48 86 83 72 : 2-4, 9-3
67 30 68 27 55 39 61 53 99 68 : 2-0, 8-3, 9-4, 6-6
81 51 20 63 82 93 27 61 94 63 75 25 17 90 63 70 : 8-4, 13-12, 9-12, 14-10, 15-0, 9-3
79 78 41 66 22 79 53 88 37 72 3 3 87 : 9-11, 2-7, 5-9, 3-3, 8-11, 8-9
43 36 32 34 61 26 55 2 39 80 : 2-5, 3-6, 8-9
32 73 18 16 24 92 78 37 62 4 49 : 2-9, 0-7, 1-6
97 5 35 4 85 65 30 65 57 72 63 40 75 79 96 59 67 21 95 : 16-4, 17-9
33 26 78 48 68 96 44 93 97 16 5 88 37 88 93 28 27 55 14 15 : 4-12, 17-18, 1-4, 18-6, 19-18, 6-6, 3-11, 6-14, 9-1, 14-14, 2-10
42 21 29 97 90 44 33 6 12 23 75 51 52 44 : 12-4, 11-10, 3-0, 5-8, 5-11, 1-12, 4-11, 10-4
62 73 71 92 80 94 93 65 1 6 24 35 95 39 86 95 9 8 : 4-3, 16-7, 0-5, 12-11
17 90 15 36 21 12 65 38 4 9 1 73 52 57 : 1-6, 4-4, 4-0, 7-11, 2-9, 3-7
51 4 100 4 93 40 56 96 19 78 91 94 12 93 11 89 50 73 : 3-1, 13-13, 12-6, 13-17, 3-7, 7-13, 17-9, 7-17, 12-0
16 3 81 91 3 59 92 25 48 18 2 63 18 84 30 31 74 79 43 2 : 10-0, 5-19
20 15 5 14 23 66 55 57 93 75 50 66 39 : 9-0
1 89 2 12 84 54 79 14 67 68 46 3 28 11 78 : 6-4, 2-11, 13-0, 12-3
72 42 29 32 1 19 18 41 77 88 50 27 57 35 41 16 25 : 2-15, 9-7, 6-1, 1-5, 0-1, 8-3
30 92 49 19 89 70 88 2 82 54 57 45 : 7-6, 9-6
33 52 83 35 62 89 90 81 90 24 95 7 66 47 97 18 73 60 : 7-11, 17-2, 2-16
81 57 36 83 51 50 21 53 80 96 19 50 9 27 30 8 3 99 : 8-8, 15-3, 14-13, 5-17, 1-8, 15-2, 9-5, 16-14, 5-9, 11-0
21 92 37 55 15 64 69 76 45 9 12 71 : 1-9
76 14 13 73 21 43 34 26 84 70 38 55 79 73 : 4-12, 2-10, 6-9, 5-0, 11-7, 11-0, 9-4
7 80 61 70 5 66 49 72 56 29 78 13 37 78 14 97 4 80 : 11-3
58 61 81 94 43 6 10 30 29 39 : 4-5, 5-8
36 19 78 64 98 8 19 73 91 10 : 8-0, 8-9, 9-4
39 25 79 53 14 31 92 100 71 96 93 93 : 1-0, 0-6
84 44 85 46 80 99 3 7 21 100 37 42 50 28 38 45 22 60 40 : 15-16, 17-4, 4-12, 16-11, 8-1, 18-18, 1-16, 13-12, 8-3, 7-15
20 31 61 65 77 76 33 13 66 91 24 55 3 24 48 7 17 61 78 : 12-8, 2-6
88 19 19 14 15 36 81 49 75 37 72 : 10-7
51 73 69 79 45 14 71 47 71 57 : 7-6, 4-8, 1-3, 7-6
94 10 5 88 25 68 8 14 21 90 23 88 78 96 50 89 4 58 48 85 : 4-15, 17-10, 17-9, 15-14, 14-1, 2-9, 7-11
57 25 27 94 82 63 74 53 6 35 85 75 55 84 98 : 8-11, 0-8, 4-12, 12-9, 13-3, 2-5, 9-3, 11-10
45 61 58 88 5 22 74 6 74 69 56 3 15 71 : 9-5, 6-3, 4-10, 10-11, 13-12, 3-7, 1-13
15 23 76 2 76 32 56 22 15 36 69 99 61 68 62 43 : 3-5, 3-0, 5-0, 8-12, 5-6, 0-12, 7-13, 13-4
1 52 63 1 91 3 62 33 63 79 57 96 80 : 10-11, 10-12, 3-1, 8-8, 8-2, 11-5
22 10 27 98 30 22 73 15 80 96 22 44 23 : 9-2, 0-10
87 22 52 7 6 57 3 71 38 3 11 61 19 95 59 82 : 9-8, 14-14, 0-9, 0-0, 14-2, 0-7, 11-5, 5-15
72 49 9 40 36 97 18 56 29 78 52 55 63 52 : 13-9
24 62 23 77 53 98 40 59 80 19 : 0-6, 4-9, 6-8
44 94 9 4 51 19 33 27 25 10 92 97 45 : 1-2
41 46 28 24 16 15 14 93 79 55 78 33 77 1 30 85 94 40 70 13 : 17-16, 4-9, 3-9, 16-4, 18-1
33 96 90 49 91 6 3 42 36 89 27 25 : 3-7, 2-9, 5-11, 6-5, 3-4
31 69 59 49 93 77 44 9 37 62 50 64 90 54 31 46 36 98 31 85 : 11-10
60 94 37 49 67 46 32 6 97 73 99 2 11 11 19 58 : 14-13, 12-2, 2-7, 2-12, 15-0, 5-11, 14-8
75 42 4 19 99 33 64 41 48 49 20 38 20 64 50 86 : 2-5, 8-9, 0-15, 11-6, 3-9
88 4 61 41 34 46 39 80 63 65 51 69 82 7 100 2 84 28 22 : 15-3, 3-10, 5-10, 15-10, 14-6, 6-9
55 67 95 56 86 59 6 16 7 41 30 8 63 72 62 93 97 : 12-7, 9-11, 1-4
95 85 29 32 65 13 63 13 17 29 3 19 4 78 39 7 22 29 99 : 17-15, 9-10, 6-14, 8-12, 3-3, 10-3, 13-18, 6-9, 3-9, 2-18
41 9 46 63 63 86 83 11 88 71 80 91 4 48 32 72 30 10 48 26 : 15-3
15 40 16 76 45 44 3 39 33 40 85 4 22 4 33 92 5 : 0-10, 12-16, 12-11, 16-14
100 74 81 86 7 33 84 9 71 48 65 53 59 23 26 41 60 3 6 36 : 0-18, 6-16, 10-12, 14-9, 17-9, 12-4, 15-18, 5-14
7 59 5 60 16 14 42 99 64 70 64 21 24 22 38 41 47 99 37 : 1-9, 12-16, 16-5, 17-16, 3-1, 6-9, 4-14, 16-4, 13-6
18 26 16 30 31 46 54 98 73 25 17 : 1-5, 4-6, 8-8
77 24 96 35 67 67 87 14 3 40 4 91 99 27 91 51 94 : 16-2, 11-5, 2-11, 12-7, 9-12, 13-15, 15-1, 10-9, 13-10
30 67 64 10 54 100 45 50 96 84 57 16 95 56 : 7-4, 3-4, 0-9, 1-4
37 7 91 11 56 87 58 39 92 41 53 : 0-1, 3-8
46 73 79 34 22 96 64 75 54 76 27 16 69 67 13 : 11-12